0.000000 903267.5000
0.078125 608128.1250
0.156250 192862.6250
0.234375 18459.5977
0.312500 105257.3203
0.390625 112967.0391
0.468750 100544.6328
0.546875 147110.3906
0.625000 164395.7031
0.703125 132213.0469
0.781250 99390.7031
0.859375 186804.2344
0.937500 141313.6563
1.015625 43301.4727
1.093750 76041.2422
1.171875 154219.8125
1.250000 143407.3750
1.328125 208693.1406
1.406250 151369.8906
1.484375 102798.2188
1.562500 57929.6250
1.640625 100709.4219
1.718750 55477.7344
1.796875 85084.6016
1.875000 68769.1172
1.953125 29325.2715
2.031250 79695.7578
2.109375 100098.9375
2.187500 90503.8203
2.265625 125135.9297
2.343750 166609.0625
2.421875 83245.3438
2.500000 56954.7695
2.578125 54814.5078
2.656250 31398.8223
2.734375 62476.1641
2.812500 31081.5078
2.890625 177492.5938
2.968750 170486.1094
3.046875 90924.4297
3.125000 157854.4531
3.203125 153888.4219
3.281250 186561.6875
3.359375 167914.2656
3.437500 36074.7344
3.515625 77151.5391
3.593750 6869.4287
3.671875 118830.2109
3.750000 64164.2578
3.828125 50615.3945
3.906250 103371.4063
3.984375 71028.7188
4.062500 26834.1973
4.140625 64375.1836
4.218750 73083.0000
4.296875 49966.4570
4.375000 158569.3906
4.453125 185283.7813
4.531250 105903.8750
4.609375 124340.8984
4.687500 130172.8047
4.765625 97321.8203
4.843750 72196.5859
4.921875 142158.1563
5.000000 158950.1250
5.078125 64384.9258
5.156250 88410.1953
5.234375 96386.5313
5.312500 52257.4023
5.390625 26296.3047
5.468750 36015.5781
5.546875 58411.9727
5.625000 110067.8438
5.703125 144246.5000
5.781250 171709.0313
5.859375 124464.7969
5.937500 43309.6328
6.015625 99911.6172
6.093750 130834.1094
6.171875 57571.8320
6.250000 91577.0625
6.328125 181734.4375
6.406250 184802.6563
6.484375 152051.4063
6.562500 153259.5000
6.640625 148519.4219
6.718750 178709.7500
6.796875 154558.5313
6.875000 143650.0313
6.953125 110605.1797
7.031250 62281.5977
7.109375 73872.8594
7.187500 16820.5156
7.265625 58151.8594
7.343750 46544.8477
7.421875 41156.5195
7.500000 41320.6836
7.578125 37047.5430
7.656250 17679.6797
7.734375 20569.5000
7.812500 24751.3789
7.890625 34525.5117
7.968750 22072.9336
8.046875 36880.5781
8.125000 60483.4961
8.203125 94217.6172
8.281250 82060.2813
8.359375 31380.6426
8.437500 59159.3242
8.515625 83538.8984
8.593750 71565.5547
8.671875 71979.6875
8.750000 21638.4121
8.828125 106852.2656
8.906250 130832.5859
8.984375 102786.2266
9.062500 45025.6992
9.140625 65090.5195
9.218750 28428.7246
9.296875 39043.7070
9.375000 55300.0508
9.453125 69924.5391
9.531250 105023.6016
9.609375 53754.0859
9.687500 36211.8789
9.765625 52347.0820
9.843750 33610.4180
9.921875 42531.2695
10.000000 36555.5938
10.078125 42530.7617
10.156250 33609.9375
10.234375 52347.1445
10.312500 36211.9375
10.390625 53754.2852
10.468750 105024.0156
10.546875 69924.4922
10.625000 55299.6055
10.703125 39043.1367
10.781250 28429.2070
10.859375 65091.1523
10.937500 45026.0313
11.015625 102786.1563
11.093750 130832.4141
11.171875 106851.7266
11.250000 21638.8848
11.328125 71980.0625
11.406250 71565.7578
11.484375 83538.6016
11.562500 59159.4141
11.640625 31380.6914
11.718750 82060.2578
11.796875 94217.8125
11.875000 60483.7813
11.953125 36880.5586
12.031250 22073.3242
12.109375 34525.9883
12.187500 24751.0723
12.265625 20569.7344
12.343750 17680.2793
12.421875 37047.3789
12.500000 41320.4727
12.578125 41156.3906
12.656250 46544.9492
12.734375 58152.0430
12.812500 16820.7383
12.890625 73873.6094
12.968750 62282.5820
13.046875 110605.6719
13.125000 143650.6406
13.203125 154559.1406
13.281250 178710.4219
13.359375 148519.8750
13.437500 153259.5156
13.515625 152051.5781
13.593750 184802.5469
13.671875 181733.9844
13.750000 91576.8750
13.828125 57572.0000
13.906250 130834.0313
13.984375 99911.4141
14.062500 43309.6484
14.140625 124464.6875
14.218750 171708.7813
14.296875 144246.4531
14.375000 110068.4063
14.453125 58412.5195
14.531250 36015.3555
14.609375 26295.9805
14.687500 52257.6602
14.765625 96386.6953
14.843750 88410.4063
14.921875 64384.9727
15.000000 158949.5313
15.078125 142158.5469
15.156250 72197.0078
15.234375 97322.0078
15.312500 130172.9844
15.390625 124340.8047
15.468750 105903.5391
15.546875 185283.8594
15.625000 158569.7500
15.703125 49966.2539
15.781250 73082.3281
15.859375 64374.6953
15.937500 26834.0273
16.015625 71028.6953
16.093750 103371.5391
16.171875 50615.4883
16.250000 64164.1797
16.328125 118829.8672
16.406250 6869.3032
16.484375 77152.1484
16.562500 36075.0469
16.640625 167914.8594
16.718750 186562.4531
16.796875 153888.8594
16.875000 157854.9063
16.953125 90924.9688
17.031250 170486.2188
17.109375 177492.7813
17.187500 31081.5488
17.265625 62476.3711
17.343750 31398.8848
17.421875 54814.6250
17.500000 56954.6563
17.578125 83245.7422
17.656250 166609.4531
17.734375 125136.1016
17.812500 90503.9531
17.890625 100099.0469
17.968750 79695.6719
18.046875 29325.2754
18.125000 68769.3047
18.203125 85084.8906
18.281250 55477.9531
18.359375 100709.5938
18.437500 57929.6836
18.515625 102797.9609
18.593750 151369.8125
18.671875 208693.2344
18.750000 143407.5625
18.828125 154219.3125
18.906250 76040.8047
18.984375 43301.1563
19.062500 141313.6875
19.140625 186804.3125
19.218750 99390.5703
19.296875 132212.9844
19.375000 164395.4844
19.453125 147110.2031
19.531250 100544.9141
19.609375 112967.1719
19.687500 105257.3750
19.765625 18459.6602
19.843750 192862.6406
19.921875 608127.8750