0.000000 2128.7100
0.078125 1053.3571
0.156250 106.6043
0.234375 104.4320
0.312500 93.3434
0.390625 282.1893
0.468750 255.4301
0.546875 282.2533
0.625000 105.9630
0.703125 202.0545
0.781250 45.1874
0.859375 138.4631
0.937500 139.7999
1.015625 69.9953
1.093750 150.5841
1.171875 211.1822
1.250000 154.3081
1.328125 82.9312
1.406250 95.3310
1.484375 17.5163
1.562500 156.5247
1.640625 76.6628
1.718750 121.4098
1.796875 94.6372
1.875000 175.9085
1.953125 143.9048
2.031250 80.0452
2.109375 41.6013
2.187500 42.8974
2.265625 121.1917
2.343750 102.4977
2.421875 159.2260
2.500000 145.1634
2.578125 93.1735
2.656250 88.1394
2.734375 113.4915
2.812500 135.8006
2.890625 121.1082
2.968750 138.8508
3.046875 132.7465
3.125000 213.2367
3.203125 221.0011
3.281250 51.3981
3.359375 165.9516
3.437500 83.7401
3.515625 112.9433
3.593750 144.5026
3.671875 201.7618
3.750000 193.5088
3.828125 119.9413
3.906250 53.1897
3.984375 26.4379
4.062500 152.6827
4.140625 77.4899
4.218750 125.9761
4.296875 143.2120
4.375000 180.3400
4.453125 76.4247
4.531250 147.9649
4.609375 111.3900
4.687500 56.1475
4.765625 102.1752
4.843750 98.6099
4.921875 167.1705
5.000000 181.9866
5.078125 126.7903
5.156250 260.2668
5.234375 79.9652
5.312500 109.2977
5.390625 132.6512
5.468750 231.4705
5.546875 224.0100
5.625000 266.0912
5.703125 190.9527
5.781250 267.4466
5.859375 251.4619
5.937500 53.3917
6.015625 85.4033
6.093750 65.8466
6.171875 88.1075
6.250000 116.8766
6.328125 186.0165
6.406250 73.0317
6.484375 237.9568
6.562500 122.4993
6.640625 228.4973
6.718750 176.6592
6.796875 302.2383
6.875000 388.4402
6.953125 279.8293
7.031250 235.6684
7.109375 146.5556
7.187500 65.8838
7.265625 263.7753
7.343750 156.8468
7.421875 103.4249
7.500000 76.8370
7.578125 149.6709
7.656250 68.0032
7.734375 93.9600
7.812500 56.4752
7.890625 122.4632
7.968750 114.1075
8.046875 74.4432
8.125000 120.1893
8.203125 237.5564
8.281250 205.8981
8.359375 63.4430
8.437500 243.8919
8.515625 375.8100
8.593750 131.7381
8.671875 193.4149
8.750000 296.6896
8.828125 213.6725
8.906250 186.8254
8.984375 169.2432
9.062500 210.0265
9.140625 203.8242
9.218750 109.1295
9.296875 50.3194
9.375000 237.6005
9.453125 249.0392
9.531250 27.0100
9.609375 138.4931
9.687500 109.3847
9.765625 96.3089
9.843750 126.4809
9.921875 267.8396
10.000000 210.0887
10.078125 267.8361
10.156250 126.4813
10.234375 96.3089
10.312500 109.3851
10.390625 138.4940
10.468750 27.0110
10.546875 249.0397
10.625000 237.6012
10.703125 50.3186
10.781250 109.1293
10.859375 203.8243
10.937500 210.0272
11.015625 169.2433
11.093750 186.8251
11.171875 213.6734
11.250000 296.6903
11.328125 193.4153
11.406250 131.7379
11.484375 375.8097
11.562500 243.8914
11.640625 63.4431
11.718750 205.8983
11.796875 237.5565
11.875000 120.1902
11.953125 74.4436
12.031250 114.1075
12.109375 122.4631
12.187500 56.4748
12.265625 93.9599
12.343750 68.0034
12.421875 149.6712
12.500000 76.8365
12.578125 103.4248
12.656250 156.8471
12.734375 263.7756
12.812500 65.8838
12.890625 146.5560
12.968750 235.6689
13.046875 279.8292
13.125000 388.4402
13.203125 302.2393
13.281250 176.6592
13.359375 228.4982
13.437500 122.4993
13.515625 237.9567
13.593750 73.0323
13.671875 186.0172
13.750000 116.8757
13.828125 88.1067
13.906250 65.8464
13.984375 85.4035
14.062500 53.3921
14.140625 251.4620
14.218750 267.4458
14.296875 190.9530
14.375000 266.0917
14.453125 224.0100
14.531250 231.4700
14.609375 132.6505
14.687500 109.2977
14.765625 79.9648
14.843750 260.2666
14.921875 126.7905
15.000000 181.9859
15.078125 167.1710
15.156250 98.6095
15.234375 102.1748
15.312500 56.1474
15.390625 111.3893
15.468750 147.9645
15.546875 76.4258
15.625000 180.3411
15.703125 143.2119
15.781250 125.9750
15.859375 77.4907
15.937500 152.6832
16.015625 26.4383
16.093750 53.1894
16.171875 119.9403
16.250000 193.5083
16.328125 201.7621
16.406250 144.5030
16.484375 112.9437
16.562500 83.7405
16.640625 165.9525
16.718750 51.3983
16.796875 221.0019
16.875000 213.2369
16.953125 132.7471
17.031250 138.8520
17.109375 121.1087
17.187500 135.8007
17.265625 113.4920
17.343750 88.1400
17.421875 93.1726
17.500000 145.1632
17.578125 159.2268
17.656250 102.4977
17.734375 121.1916
17.812500 42.8973
17.890625 41.6009
17.968750 80.0447
18.046875 143.9046
18.125000 175.9085
18.203125 94.6366
18.281250 121.4098
18.359375 76.6622
18.437500 156.5235
18.515625 17.5149
18.593750 95.3313
18.671875 82.9312
18.750000 154.3091
18.828125 211.1832
18.906250 150.5840
18.984375 69.9957
19.062500 139.8007
19.140625 138.4635
19.218750 45.1872
19.296875 202.0541
19.375000 105.9641
19.453125 282.2535
19.531250 255.4300
19.609375 282.1896
19.687500 93.3437
19.765625 104.4321
19.843750 106.6042
19.921875 1053.3558