0.000000 494860.4062
0.078125 297794.6562
0.156250 132871.0469
0.234375 82635.0547
0.312500 63088.1680
0.390625 39689.4023
0.468750 48984.0898
0.546875 47098.9727
0.625000 26506.4551
0.703125 38830.5508
0.781250 34102.5508
0.859375 33974.5859
0.937500 40859.2188
1.015625 36018.4688
1.093750 11202.3496
1.171875 31896.5273
1.250000 27411.0391
1.328125 52323.0117
1.406250 84795.9688
1.484375 94138.2813
1.562500 69705.7422
1.640625 20548.6562
1.718750 19126.3926
1.796875 16760.1074
1.875000 35581.8594
1.953125 16847.3379
2.031250 27986.3105
2.109375 27800.0781
2.187500 27919.5566
2.265625 29196.0488
2.343750 38748.5781
2.421875 17513.4512
2.500000 15351.9688
2.578125 26421.6484
2.656250 33682.8633
2.734375 66343.7656
2.812500 108476.9063
2.890625 74910.8672
2.968750 110465.2578
3.046875 130790.9063
3.125000 94450.3281
3.203125 45704.8867
3.281250 29398.9824
3.359375 10600.1123
3.437500 6350.2725
3.515625 9176.4072
3.593750 11137.3281
3.671875 4456.0674
3.750000 27935.6523
3.828125 22502.4297
3.906250 3351.3806
3.984375 26105.2207
4.062500 30052.2129
4.140625 15464.3545
4.218750 24982.2598
4.296875 53479.8281
4.375000 59512.7148
4.453125 28392.5312
4.531250 34029.6992
4.609375 31304.4355
4.687500 25475.7539
4.765625 26235.3437
4.843750 26311.8496
4.921875 11487.5195
5.000000 6753.6768
5.078125 16410.5859
5.156250 12385.5977
5.234375 3453.2407
5.312500 4550.7959
5.390625 6726.4580
5.468750 7635.7378
5.546875 8588.5869
5.625000 2485.2971
5.703125 16032.2764
5.781250 5430.8584
5.859375 14430.6963
5.937500 13619.8252
6.015625 6905.4307
6.093750 8312.5234
6.171875 7533.1621
6.250000 10922.5693
6.328125 7199.8882
6.406250 12921.0322
6.484375 7557.8936
6.562500 4699.4116
6.640625 8415.9570
6.718750 6848.1035
6.796875 4905.1519
6.875000 9499.4150
6.953125 12477.2158
7.031250 8198.4414
7.109375 9010.5977
7.187500 10107.1064
7.265625 9628.8604
7.343750 11715.0684
7.421875 20942.7227
7.500000 9938.7969
7.578125 4958.1353
7.656250 8047.1235
7.734375 1803.1710
7.812500 5586.1562
7.890625 12888.8643
7.968750 1832.8029
8.046875 2812.0837
8.125000 7686.7583
8.203125 7118.4854
8.281250 1718.0753
8.359375 2521.5610
8.437500 737.3382
8.515625 10725.8271
8.593750 5780.3232
8.671875 5309.7227
8.750000 5977.8481
8.828125 9735.1680
8.906250 5784.6455
8.984375 6943.1831
9.062500 3402.2803
9.140625 2976.1755
9.218750 6130.4287
9.296875 6088.6904
9.375000 3931.0073
9.453125 4216.3140
9.531250 5513.3696
9.609375 2510.6809
9.687500 4943.1562
9.765625 7037.3706
9.843750 3775.9417
9.921875 9761.1973
10.000000 240.7812
10.078125 9762.4482
10.156250 3776.4646
10.234375 7037.6577
10.312500 4943.2793
10.390625 2510.5242
10.468750 5513.4678
10.546875 4216.2432
10.625000 3931.2007
10.703125 6088.8901
10.781250 6130.2637
10.859375 2976.0530
10.937500 3402.2681
11.015625 6943.0444
11.093750 5784.6274
11.171875 9735.0342
11.250000 5977.7363
11.328125 5309.8135
11.406250 5780.2114
11.484375 10725.6016
11.562500 737.5975
11.640625 2521.5571
11.718750 1718.1172
11.796875 7118.3579
11.875000 7686.5122
11.953125 2812.1621
12.031250 1832.8193
12.109375 12888.7021
12.187500 5585.9893
12.265625 1803.1644
12.343750 8047.0601
12.421875 4958.1973
12.500000 9938.8105
12.578125 20942.5801
12.656250 11715.0020
12.734375 9628.6768
12.812500 10106.6279
12.890625 9010.4648
12.968750 8198.1113
13.046875 12477.0029
13.125000 9499.6465
13.203125 4905.0342
13.281250 6848.0527
13.359375 8415.9746
13.437500 4699.3911
13.515625 7557.9321
13.593750 12921.1113
13.671875 7199.9082
13.750000 10922.7090
13.828125 7533.3062
13.906250 8312.5498
13.984375 6905.3984
14.062500 13619.8604
14.140625 14430.7354
14.218750 5430.8599
14.296875 16032.0869
14.375000 2484.9800
14.453125 8588.6143
14.531250 7635.6587
14.609375 6726.5166
14.687500 4550.6216
14.765625 3453.1594
14.843750 12385.5615
14.921875 16410.6367
15.000000 6753.7021
15.078125 11487.7227
15.156250 26311.8750
15.234375 26235.3711
15.312500 25475.7012
15.390625 31304.4102
15.468750 34029.7461
15.546875 28392.6250
15.625000 59512.6328
15.703125 53479.7500
15.781250 24982.2441
15.859375 15464.3779
15.937500 30052.2832
16.015625 26105.2559
16.093750 3351.3328
16.171875 22502.3984
16.250000 27935.6602
16.328125 4456.1450
16.406250 11137.3418
16.484375 9176.3838
16.562500 6350.2417
16.640625 10600.1348
16.718750 29398.9551
16.796875 45704.8438
16.875000 94450.3047
16.953125 130790.8906
17.031250 110465.2422
17.109375 74910.8594
17.187500 108476.8906
17.265625 66343.7891
17.343750 33682.7930
17.421875 26421.5742
17.500000 15351.9619
17.578125 17513.6992
17.656250 38748.6992
17.734375 29196.0996
17.812500 27919.5156
17.890625 27800.0117
17.968750 27986.4727
18.046875 16847.4844
18.125000 35581.7773
18.203125 16760.1230
18.281250 19126.4277
18.359375 20548.6523
18.437500 69705.7031
18.515625 94138.2188
18.593750 84795.9375
18.671875 52323.0195
18.750000 27410.9941
18.828125 31896.3828
18.906250 11202.2852
18.984375 36018.5156
19.062500 40859.2656
19.140625 33974.5781
19.218750 34102.5469
19.296875 38830.6250
19.375000 26506.4902
19.453125 47099.0938
19.531250 48984.2305
19.609375 39689.3242
19.687500 63088.1367
19.765625 82635.0859
19.843750 132871.0625
19.921875 297794.5625
